0 0
1 3
2 7
3 20
4 33
5 52
6 75
7 100
8 127
9 159
10 191
11 235
12 272
13 316
14 363
15 412
16 466
17 522
18 582
19 643
20 708
21 779
22 845
23 922
24 998
25 1078
26 1164
27 1250
28 1336
29 1433
30 1525
31 1624
32 1721
33 1833
34 1937
35 2047
36 2160
37 2276
38 2393
39 2521
40 2644
41 2775
42 2902
43 3039
44 3176
45 3318
46 3459
47 3604
48 3755
49 3909
50 4060
51 4222
52 4380
53 4548
54 4714
55 4883
56 5059
57 5234
58 5415
59 5599
60 5782
61 5972
62 6162
63 6358
64 6554
65 6753
66 6960
67 7167
68 7376
69 7590
70 7800
71 8025
72 8242
73 8469
74 8694
75 8923
76 9155
77 9394
78 9632
79 9875
80 10116
81 10372
82 10619
83 10880
84 11134
85 11392
86 11658
87 11924
88 12192
89 12467
90 12744
91 13025
92 13306
93 13592
94 13875
95 14165
96 14462
97 14756
98 15055
99 15358
100 15662
101 15973
102 16281
103 16596
104 16911
105 17238
106 17562
107 17889
108 18217
109 18551
110 18882
111 19227
112 19563
113 19908
114 20254
115 20605
116 20960
117 21315
118 21673
119 22039
120 22400
121 22772
122 23139
123 23516
124 23894
125 24275
126 24658
127 25042
128 25434
129 25827
130 26218
131 26626
132 27023
133 27428
134 27838
135 28247
136 28660
137 29075
138 29499
139 29921
140 30344
141 30780
142 31208
143 31645
144 32080
145 32518
146 32963
147 33411
148 33858
149 34315
150 34766
151 35225
152 35682
153 36155
154 36620
155 37089
156 37562
157 38040
158 38519
159 39004
160 39485
161 39976
162 40466
163 40963
164 41460
165 41959
166 42464
167 42969
168 43481
169 43992
170 44508
171 45031
172 45550
173 46075
174 46600
175 47128
176 47665
177 48200
178 48737
179 49283
180 49824
181 50376
182 50925
183 51481
184 52036
185 52599
186 53164
187 53729
188 54298
189 54872
190 55442
191 56029
192 56606
193 57191
194 57776
195 58370
196 58966
197 59563
198 60161
199 60763
200 61366
201 61979
202 62585
203 63204
204 63821
205 64439
206 65069
207 65694
208 66322
209 66956
210 67591
211 68233
212 68874
213 69522
214 70167
215 70816
216 71470
217 72124
218 72786
219 73451
220 74112
221 74783
222 75451
223 76131
224 76806
225 77487
226 78168
227 78853
228 79546
229 80241
230 80933
231 81634
232 82330
233 83038
234 83744
235 84457
236 85172
237 85887
238 86606
239 87333
240 88057
241 88786
242 89515
243 90251
244 90987
245 91726
246 92470
247 93214
248 93970
249 94722
250 95472
251 96236
252 96996
253 97760
254 98529
255 99298
256 100071
257 100848
258 101627
259 102408
260 103191
261 103991
262 104777
263 105573
264 106369
265 107167
266 107972
267 108784
268 109592
269 110405
270 111216
271 112038
272 112855
273 113682
274 114505
275 115336
276 116175
277 117011
278 117849
279 118691
280 119533
281 120384
282 121234
283 122090
284 122945
285 123804
286 124670
287 125537
288 126405
289 127278
290 128155
291 129036
292 129915
293 130803
294 131688
295 132578
296 133478
297 134373
298 135270
299 136175
300 137079
301 137991
302 138898
303 139814
304 140729
305 141652
306 142577
307 143501
308 144431
309 145367
310 146297
311 147244
312 148181
313 149127
314 150075
315 151025
316 151979
317 152936
318 153901
319 154863
320 155825
321 156796
322 157762
323 158737
324 159715
325 160693
326 161681
327 162666
328 163654
329 164650
330 165642
331 166641
332 167638
333 168655
334 169661
335 170670
336 171685
337 172701
338 173718
339 174742
340 175762
341 176795
342 177824
343 178862
344 179897
345 180940
346 181981
347 183029
348 184080
349 185132
350 186183
351 187246
352 188306
353 189375
354 190439
355 191507
356 192582
357 193659
358 194738
359 195825
360 196908
361 197997
362 199092
363 200188
364 201281
365 202382
366 203487
367 204591
368 205700
369 206816
370 207926
371 209052
372 210170
373 211294
374 212422
375 213554
376 214686
377 215822
378 216961
379 218102
380 219243
381 220402
382 221548
383 222705
384 223861
385 225021
386 226184
387 227352
388 228518
389 229691
390 230869
391 232054
392 233231
393 234417
394 235602
395 236793
396 237990
397 239184
398 240386
399 241589
400 242793
401 244005
402 245212
403 246426
404 247644
405 248863
406 250087
407 251315
408 252545
409 253778
410 255011
411 256252
412 257489
413 258741
414 259985
415 261236
416 262489
417 263745
418 265001
419 266270
420 267531
421 268800
422 270067
423 271352
424 272626
425 273907
426 275190
427 276474
428 277764
429 279057
430 280349
431 281650
432 282950
433 284256
434 285566
435 286875
436 288186
437 289503
438 290825
439 292149
440 293470
441 294802
442 296130
443 297467
444 298803
445 300141
446 301487
447 302843
448 304190
449 305544
450 306895
451 308257
452 309614
453 310982
454 312345
455 313714
456 315095
457 316472
458 317851
459 319235
460 320615
461 322010
462 323398
463 324795
464 326190
465 327591
466 328996
467 330403
468 331811
469 333224
470 334637
471 336063
472 337481
473 338907
474 340333
475 341763
476 343202
477 344638
478 346076
479 347519
480 348962
481 350411
482 351864
483 353320
484 354773
485 356234
486 357704
487 359168
488 360637
489 362114
490 363584
491 365066
492 366543
493 368028
494 369513
495 371009
496 372500
497 373995
498 375493
499 377000
500 378501
501 380016
502 381522
503 383037
504 384558
505 386077
506 387605
507 389130
508 390658
509 392191
510 393724
511 395265
512 396804
513 398350
514 399897
515 401449
516 403002
517 404558
518 406121
519 407683
520 409244
521 410819
522 412386
523 413962
524 415539
525 417118
526 418700
527 420287
528 421882
529 423475
530 425066
531 426669
532 428265
533 429874
534 431478
535 433087
536 434702
537 436319
538 437938
539 439563
540 441188
541 442817
542 444446
543 446091
544 447724
545 449367
546 451013
547 452658
548 454306
549 455958
550 457608
551 459269
552 460930
553 462598
554 464267
555 465938
556 467614
557 469289
558 470968
559 472649
560 474332
561 476026
562 477713
563 479408
564 481106
565 482806
566 484509
567 486217
568 487923
569 489639
570 491350
571 493074
572 494791
573 496517
574 498242
575 499974
576 501709
577 503444
578 505181
579 506925
580 508669
581 510425
582 512174
583 513928
584 515686
585 517446
586 519213
587 520978
588 522746
589 524517
590 526292
591 528073
592 529851
593 531639
594 533427
595 535215
596 537011
597 538807
598 540604
599 542411
600 544215
601 546026
602 547833
603 549657
604 551470
605 553292
606 555118
607 556942
608 558771
609 560609
610 562440
611 564281
612 566119
613 567965
614 569810
615 571660
616 573511
617 575366
618 577232
619 579096
620 580957
621 582828
622 584698
623 586575
624 588451
625 590331
626 592214
627 594099
628 595989
629 597884
630 599775
631 601674
632 603577
633 605483
634 607392
635 609301
636 611215
637 613131
638 615050
639 616972
640 618892
641 620831
642 622760
643 624695
644 626631
645 628573
646 630514
647 632463
648 634413
649 636365
650 638317
651 640284
652 642240
653 644207
654 646171
655 648140
656 650115
657 652091
658 654071
659 656054
660 658038
661 660028
662 662018
663 664014
664 666009
665 668008
666 670022
667 672026
668 674034
669 676046
670 678064
671 680085
672 682103
673 684129
674 686157
675 688189
676 690222
677 692259
678 694297
679 696340
680 698381
681 700434
682 702480
683 704539
684 706596
685 708657
686 710723
687 712789
688 714856
689 716932
690 719006
691 721087
692 723164
693 725251
694 727337
695 729428
696 731521
697 733617
698 735716
699 737821
700 739922
701 742037
702 744144
703 746259
704 748383
705 750505
706 752630
707 754755
708 756887
709 759020
710 761154
711 763295
712 765433
713 767581
714 769726
715 771875
716 774032
717 776190
718 778346
719 780510
720 782671
721 784840
722 787007
723 789194
724 791367
725 793546
726 795731
727 797917
728 800107
729 802300
730 804490
731 806693
732 808895
733 811103
734 813308
735 815517
736 817730
737 819945
738 822171
739 824394
740 826617
741 828848
742 831078
743 833313
744 835547
745 837785
746 840033
747 842278
748 844530
749 846785
750 849036
751 851300
752 853559
753 855825
754 858088
755 860361
756 862635
757 864910
758 867188
759 869471
760 871751
761 874046
762 876333
763 878627
764 880928
765 883235
766 885537
767 887845
768 890153
769 892464
770 894777
771 897101
772 899419
773 901744
774 904073
775 906404
776 908739
777 911074
778 913410
779 915753
780 918098
781 920450
782 922799
783 925155
784 927510
785 929869
786 932233
787 934597
788 936970
789 939347
790 941718
791 944103
792 946480
793 948867
794 951254
795 953645
796 956038
797 958433
798 960833
799 963237
800 965638
801 968052
802 970460
803 972883
804 975297
805 977716
806 980141
807 982567
808 984995
809 987432
810 989863
811 992302
812 994741
813 997190
814 999639
815 1002088
816 1004541
817 1006998
818 1009459
819 1011923
820 1014385
821 1016858
822 1019327
823 1021801
824 1024280
825 1026759
826 1029240
827 1031727
828 1034216
829 1036711
830 1039202
831 1041712
832 1044210
833 1046717
834 1049222
835 1051730
836 1054246
837 1056765
838 1059281
839 1061805
840 1064328
841 1066859
842 1069388
843 1071925
844 1074458
845 1077001
846 1079551
847 1082096
848 1084643
849 1087197
850 1089751
851 1092312
852 1094871
853 1097437
854 1100002
855 1102571
856 1105148
857 1107723
858 1110303
859 1112884
860 1115470
861 1118066
862 1120653
863 1123249
864 1125843
865 1128443
866 1131048
867 1133653
868 1136261
869 1138878
870 1141489
871 1144111
872 1146730
873 1149357
874 1151980
875 1154613
876 1157247
877 1159882
878 1162523
879 1165168
880 1167808
881 1170464
882 1173111
883 1175765
884 1178422
885 1181085
886 1183746
887 1186412
888 1189086
889 1191758
890 1194432
891 1197113
892 1199789
893 1202474
894 1205164
895 1207853
896 1210548
897 1213245
898 1215945
899 1218654
900 1221356
901 1224067
902 1226774
903 1229495
904 1232211
905 1234930
906 1237653
907 1240380
908 1243109
909 1245843
910 1248573
911 1251318
912 1254055
913 1256804
914 1259549
915 1262301
916 1265052
917 1267812
918 1270572
919 1273334
920 1276095
921 1278868
922 1281636
923 1284419
924 1287193
925 1289971
926 1292759
927 1295544
928 1298334
929 1301127
930 1303918
931 1306717
932 1309520
933 1312329
934 1315134
935 1317943
936 1320758
937 1323573
938 1326392
939 1329216
940 1332036
941 1334869
942 1337700
943 1340536
944 1343373
945 1346215
946 1349056
947 1351903
948 1354751
949 1357602
950 1360457
951 1363323
952 1366179
953 1369044
954 1371912
955 1374782
956 1377655
957 1380531
958 1383407
959 1386293
960 1389180
961 1392072
962 1394964
963 1397860
964 1400755
965 1403654
966 1406561
967 1409466
968 1412373
969 1415287
970 1418200
971 1421121
972 1424039
973 1426965
974 1429893
975 1432824
976 1435759
977 1438694
978 1441634
979 1444577
980 1447520
981 1450473
982 1453421
983 1456381
984 1459335
985 1462294
986 1465260
987 1468225
988 1471191
989 1474168
990 1477139
991 1480120
992 1483102
993 1486093
994 1489076
995 1492068
996 1495061
997 1498055
998 1501058
999 1504062
