0 0
1 1
2 7
3 30
4 82
5 187
6 368
7 663
8 1106
9 1747
10 2631
11 3822
12 5376
13 7369
14 9868
15 12963
16 16732
17 21277
18 26687
19 33078
20 40550
21 49231
22 59232
23 70695
24 83742
25 98527
26 115183
27 133878
28 154756
29 177997
30 203756
31 232227
32 263576
33 298009
34 335703
35 376878
36 421722
37 470467
38 523312
39 580503
40 642250
41 708811
42 780407
43 857310
44 939752
45 1028017
46 1122348
47 1223043
48 1330356
49 1444597
50 1566031
51 1694982
52 1831726
53 1976599
54 2129888
55 2291943
56 2463062
57 2643607
58 2833887
59 3034278
60 3245100
61 3466741
62 3699532
63 3943875
64 4200112
65 4468657
66 4749863
67 5044158
68 5351906
69 5673547
70 6009456
71 6360087
72 6725826
73 7107139
74 7504423
75 7918158
76 8348752
77 8796697
78 9262412
79 9746403
80 10249100
81 10771021
82 11312607
83 11874390
84 12456822
85 13060447
86 13685728
87 14333223
88 15003406
89 15696847
90 16414031
91 17155542
92 17921876
93 18713629
94 19531308
95 20375523
96 21246792
97 22145737
98 23072887
99 24028878
100 25014250
101 26029651
102 27075632
103 28152855
104 29261882
105 30403387
106 31577943
107 32786238
108 34028856
109 35306497
110 36619756
111 37969347
112 39355876
113 40780069
114 42242543
115 43744038
116 45285182
117 46866727
118 48489312
119 50153703
120 51860550
121 53610631
122 55404607
123 57243270
124 59127292
125 61057477
126 63034508
127 65059203
128 67132256
129 69254497
130 71426631
131 73649502
132 75923826
133 78250459
134 80630128
135 83063703
136 85551922
137 88095667
138 90695687
139 93352878
140 96068000
141 98841961
142 101675532
143 104569635
144 107525052
145 110542717
146 113623423
147 116768118
148 119977606
149 123252847
150 126594656
151 130004007
152 133481726
153 137028799
154 140646063
155 144334518
156 148095012
157 151928557
158 155836012
159 159818403
160 163876600
161 168011641
162 172224407
163 176515950
164 180887162
165 185339107
166 189872688
167 194488983
168 199188906
169 203973547
170 208843831
171 213800862
172 218845576
173 223979089
174 229202348
175 234516483
176 239922452
177 245421397
178 251014287
179 256702278
180 262486350
181 268367671
182 274347232
183 280426215
184 286605622
185 292886647
186 299270303
187 305757798
188 312350156
189 319048597
190 325854156
191 332768067
192 339791376
193 346925329
194 354170983
195 361529598
196 369002242
197 376590187
198 384294512
199 392116503
200 400057250
201 408118051
202 416300007
203 424604430
204 433032432
205 441585337
206 450264268
207 459070563
208 468005356
209 477069997
210 486265631
211 495593622
212 505055126
213 514651519
214 524383968
215 534253863
216 544325009
217 554705081
218 565413220
219 576453035
220 587826500
221 599532428
222 611575610
223 623958963
224 636682564
225 649749818
226 663164102
227 676927043
228 691043344
229 705511054
