0 1
1 6
2 19
3 43
4 89
5 164
6 278
7 438
8 665
9 970
10 1369
11 1873
12 2513
13 3304
14 4268
15 5420
16 6801
17 8430
18 10335
19 12535
20 15081
21 17996
22 21314
23 25058
24 29289
25 34034
26 39333
27 45213
28 51745
29 58960
30 66904
31 75608
32 85153
33 95574
34 106923
35 119235
36 132601
37 147060
38 162670
39 179470
40 197561
41 216986
42 237809
43 260073
44 283889
45 309304
46 336388
47 365188
48 395825
49 428350
50 462839
51 499343
52 537993
53 578844
54 621978
55 667450
56 715401
57 765890
58 819005
59 874805
60 933441
61 994976
62 1059504
63 1127088
64 1197889
65 1271974
66 1349443
67 1430363
68 1514905
69 1603140
70 1695174
71 1791078
72 1891033
73 1995114
74 2103433
75 2216065
76 2333201
77 2454920
78 2581340
79 2712540
80 2848721
81 2989966
82 3136399
83 3288103
84 3445289
85 3608044
86 3776498
87 3950738
88 4130985
89 4317330
90 4509909
91 4708813
92 4914273
93 5126384
94 5345288
95 5571080
96 5804001
97 6044150
98 6291675
99 6546675
100 6809401
101 7079956
102 7358494
103 7645118
104 7940089
105 8243514
106 8555553
107 8876313
108 9206065
109 9544920
110 9893044
111 10250548
112 10617713
113 10994654
114 11381543
115 11778495
116 12185801
117 12603580
118 13032010
119 13471210
120 13921481
121 14382946
122 14855789
123 15340133
124 15836289
125 16344384
126 16864608
127 17397088
128 17942145
129 18499910
130 19070579
131 19654283
132 20251353
133 20861924
134 21486198
135 22124310
136 22776601
137 23443210
138 24124345
139 24820145
140 25530961
141 26256936
142 26998284
143 27755148
144 28527889
145 29316654
146 30121663
147 30943063
148 31781225
149 32636300
150 33508514
151 34398018
152 35305193
153 36230194
154 37173253
155 38134525
156 39114401
157 40113040
158 41130680
159 42167480
160 43223841
161 44299926
162 45395979
163 46512163
164 47648889
165 48806324
166 49984718
167 51184238
168 52405305
169 53648090
170 54912849
171 56199753
172 57509233
173 58841464
174 60196708
175 61575140
176 62977201
177 64403070
178 65853015
179 67327215
180 68826121
181 70349916
182 71898874
183 73473178
184 75073289
185 76699394
186 78351773
187 80030613
188 81736385
189 83469280
190 85229584
191 87017488
192 88833473
193 90677734
194 92550563
195 94452155
196 96383001
197 98343300
198 100333350
199 102353350
200 104403801
201 106484906
202 108596969
203 110740193
204 112915089
205 115121864
206 117360828
207 119632188
208 121936465
209 124273870
210 126644719
211 129049223
212 131487913
213 133961004
214 136468818
215 139011570
216 141589801
217 144203730
218 146853685
219 149539885
220 152262881
221 155022896
222 157820264
223 160655208
224 163528289
225 166439734
226 169389883
227 172378963
228 175407545
229 178475860
230 181584254
231 184732958
232 187922553
233 191153274
234 194425473
235 197739385
236 201095601
237 204494360
238 207936020
239 211420820
240 214949361
241 218521886
242 222138759
243 225800223
244 229506889
245 233259004
246 237056938
247 240900938
248 244791625
249 248729250
250 252714189
251 256746693
252 260827393
253 264956544
254 269134528
255 273361600
256 277638401
257 281965190
258 286342355
259 290770155
260 295249241
261 299779876
262 304362454
263 308997238
264 313684889
265 318425674
266 323219993
267 328068113
268 332970705
269 337928040
270 342940524
271 348008428
272 353132433
273 358312814
274 363549983
275 368844215
276 374196201
277 379606220
278 385074690
279 390601890
280 396188521
281 401834866
282 407541349
283 413308253
284 419136289
285 425025744
286 430977048
287 436990488
288 443066785
289 449206230
290 455409259
291 461676163
292 468007673
293 474404084
294 480865838
295 487393230
296 493987001
297 500647450
298 507375025
299 514170025
300 521033201
301 527964856
302 534965444
303 542035268
304 549175089
305 556385214
306 563666103
307 571018063
308 578441865
309 585937820
310 593506394
311 601147898
312 608863113
313 616652354
314 624516093
315 632454645
316 640468801
317 648558880
318 656725360
319 664968560
320 673289281
321 681687846
322 690164739
323 698720283
324 707355289
325 716070084
326 724865158
327 733740838
328 742697945
329 751736810
330 760857929
331 770061633
332 779348753
333 788719624
334 798174748
335 807714460
336 817339601
337 827050510
338 836847695
339 846731495
340 856702761
341 866761836
342 876909234
343 887145298
344 897470889
345 907886354
346 918392213
347 928988813
348 939677025
349 950457200
350 961329864
351 972295368
352 983354593
353 994507894
354 1005755803
355 1017098675
356 1028537401
357 1040072340
358 1051704030
359 1063432830
360 1075259641
361 1087184826
362 1099208929
363 1111332313
364 1123555889
365 1135880024
366 1148305268
367 1160831988
368 1173461105
369 1186192990
370 1199028199
371 1211967103
372 1225010633
373 1238159164
374 1251413258
375 1264773290
376 1278240201
377 1291814370
378 1305496365
379 1319286565
380 1333185921
381 1347194816
382 1361313824
383 1375543328
384 1389884289
385 1404337094
386 1418902323
387 1433580363
388 1448372185
389 1463278180
390 1478298934
391 1493434838
392 1508686873
393 1524055434
394 1539541113
395 1555144305
396 1570866001
397 1586706600
398 1602666700
399 1618746700
400 1634947601
401 1651269806
402 1667713919
403 1684280343
404 1700970089
405 1717783564
406 1734721378
407 1751783938
408 1768972265
409 1786286770
410 1803728069
411 1821296573
412 1838993313
413 1856818704
414 1874773368
415 1892857720
416 1911072801
417 1929419030
418 1947897035
419 1966507235
420 1985250681
421 2004127796
422 2023139214
423 2042285358
424 2061567289
425 2080985434
426 2100540433
427 2120232713
428 2140063345
