0 0
1 0
2 4
3 48
4 231
5 935
6 2640
7 6930
8 15022
9 31302
10 57960
11 104720
12 174669
13 286533
14 443716
15 678930
16 994620
17 1443980
18 2026332
19 2823552
20 3828595
21 5162115
22 6806184
23 8932418
24 11506026
25 14764050
26 18647200
27 23474880
28 29153817
29 36105377
30 44190780
31 53955810
32 65202424
33 78626328
34 93954036
35 112059920
36 132576255
37 156588255
38 183612352
39 214980402
40 250068390
41 290494430
42 335466264
43 386931888
44 443899621
45 508695165
46 580092660
47 660847730
48 749461812
49 849177252
50 958180300
51 1080261600
52 1213245579
53 1361537723
54 1522549656
55 1701373410
56 1894952290
57 2109141930
